basal cell carcinoma
2671 (12447;2664;100767;10612;30186;10653;8069;2671;100245;1488;6;982;5462;10654;7;963;1337;2514;10609;322;100570;1413;977;30692;1363;5146;3828;1806;200042;10610;2028)

autosomal dominant
6
1470
1475
1444
1452
5274
9921
12447
25352
7

dominant (NIL)
1488	
1082

variable (NIL)
1806
1363

variable expressivity
3828

jaw cysts (NIL)
2909
2028

palmar and/or plantar pits
10612
10506
982
12769
25530
10610
100701
100767
6529
1134
982

plantar pits
10612

pits (NIL)
2000
1259

calcification of the falx cerebri
5462
2514
10654
5849
10653
31309
100593
5146
7862
31311

skin tumors
8069
100245
10609
200042
2322
10302
30186
100570
963
977
10889
10302
30692

tumors
2664
1337
31947
322
32006
32445
100245
2174
2346
2378
10307

increased skin pigmentation (NIL)
2075
1413
