8069    1259
8069    1488
8069    2000
8069    1413
8069    1363
8069    1806
8069    2075
8069    2028
100245  1259
100245  1413
10609   1488
10609   2000
10609   1413
10609   1363
10609   2028
200042  1259
200042  1488
200042  1413
200042  1363
200042  1806
200042  2075
200042  2028
2322    1259
2322    1488
2322    1413
2322    1082
2322    2075
2322    2028
10889
10302   1363
10302   2000
30186   1259
30186   1413
30186   1363
30186   1082
30186   2075
30186   2028
100570  1259
100570  1413
963 1363
963 1806
963 2075
963 2028
977 1363
977 1488
977 2028
10302   1363
10302   2000	
1488    2909
1488    8069
1488    1259
1488    10609
1488    2322
1488    1413
1488    977
1488    1363
1488    200042
1082    30186
1082    2322
1806    963
1806    200042
1806    8069
1363    30186
1363    8069
1363    1259
1363    1488
1363    963
1363    10609
1363    10302
1363    2000
1363    977
1363    200042
1363    2028
2909    1259
2909    1488
2909    1413
2028    30186
2028    8069
2028    963
2028    10609
2028    2322
2028    1413
2028    977
2028    1363
2028    200042
2000    1363
2000    10609
2000    10302
2000    8069
1259    100245
1259    1363
1259    2909
1259    30186
1259    1488
1259    2322
1259    200042
1259    1413
1259    8069
1259    100570
2075    30186
2075    2322
2075    200042
2075    8069
2075    963
1413    2909
1413    30186
1413    8069
1413    100245
1413    1259
1413    1488
1413    10609
1413    2322
1413    100570
1413    200042
1413    2028